1606627415.664687,7
1606627415.771764,51
1606627415.876687,84
1606627415.981327,100
1606627416.087227,99
1606627416.191709,98
1606627416.304452,99
1606627416.410073,99
1606627416.521376,97
1606627416.640462,100
1606627416.748493,98
1606627416.853378,67
1606627416.961309,41
1606627417.066051,53
1606627417.171265,50
1606627417.276211,49
1606627417.381969,50
1606627417.487232,52
1606627417.591967,51
1606627417.697771,53
1606627417.810507,53
1606627417.915945,59
1606627418.020610,63
1606627418.126145,63
1606627418.230479,73
1606627418.346537,80
1606627418.451610,81
1606627418.556725,54
1606627418.662292,54
1606627418.767205,53
1606627418.872106,52
1606627418.976068,53
1606627419.081774,52
1606627419.191456,54
1606627419.296358,53
1606627419.401535,54
1606627419.505728,55
1606627419.611360,54
1606627419.717781,55
1606627419.822957,55
1606627419.927790,55
1606627420.043341,54
1606627420.147339,55
1606627420.252623,54
1606627420.371651,55
1606627420.478643,56
1606627420.583648,57
1606627420.688173,63
1606627420.792857,63
1606627420.898187,66
1606627421.002302,71
1606627421.106844,76
1606627421.211463,87
1606627421.316156,85
1606627421.420152,59
1606627421.524292,58
1606627421.629360,58
1606627421.737265,59
1606627421.841374,59
1606627421.945674,58
1606627422.051642,59
1606627422.157312,59
1606627422.270889,59
1606627422.376769,59
1606627422.482001,58
1606627422.591946,59
1606627422.697054,58
1606627422.801266,58
1606627422.905874,60
1606627423.010632,60
1606627423.121058,60
1606627423.226487,60
1606627423.331410,59
1606627423.438649,61
1606627423.543148,62
1606627423.648050,72
1606627423.758027,72
1606627423.862538,72
1606627423.967129,81
1606627424.071978,82
1606627424.178208,90
1606627424.283755,90
1606627424.391133,64
1606627424.502338,65
1606627424.610654,63
1606627424.715083,63
1606627424.822556,63
1606627424.926927,63
1606627425.032165,62
1606627425.136398,63
1606627425.247688,63
1606627425.354433,63
1606627425.459468,62
1606627425.563947,63
1606627425.669242,64
1606627425.774200,64
1606627425.878525,64
1606627425.982765,64
1606627426.087020,65
1606627426.193794,66
1606627426.297852,66
1606627426.411980,67
1606627426.516519,67
1606627426.623041,72
1606627426.730307,75
1606627426.841144,77
1606627426.945374,86
1606627427.057664,86
1606627427.162405,94
1606627427.268042,93
1606627427.372912,67
1606627427.477838,66
1606627427.584434,65
1606627427.689368,66
1606627427.794438,67
1606627427.899220,66
1606627428.003629,67
1606627428.108718,69
1606627428.215439,69
1606627428.320051,68
1606627428.424325,69
1606627428.528730,69
1606627428.633058,69
1606627428.741614,68
1606627428.850369,68
1606627428.964013,68
1606627429.078910,70
1606627429.187113,69
1606627429.292009,70
1606627429.396315,70
1606627429.501744,69
1606627429.608249,69
1606627429.712512,69
1606627429.816881,70
1606627429.927058,70
1606627430.032046,70
1606627430.147678,71
1606627430.252010,72
1606627430.356613,77
1606627430.462697,77
1606627430.567503,82
1606627430.671963,92
1606627430.776899,92
1606627430.888702,95
1606627430.993021,94
1606627431.105846,77
1606627431.210339,82
1606627431.318275,72
1606627431.422947,72
1606627431.532202,73
1606627431.638451,73
1606627431.745418,71
1606627431.849914,74
1606627431.955672,73
1606627432.060103,73
1606627432.165056,73
1606627432.270067,73
1606627432.374599,74
1606627432.480109,73
1606627432.584514,73
1606627432.689082,75
1606627432.793797,75
1606627432.911508,74
1606627433.019693,75
1606627433.123887,74
1606627433.231530,75
1606627433.336036,75
1606627433.440714,75
1606627433.549577,75
1606627433.660339,74
1606627433.764365,74
1606627433.869230,75
1606627433.974047,75
1606627434.078557,77
1606627434.183272,77
1606627434.288025,85
1606627434.393213,87
1606627434.497378,88
1606627434.602592,86
1606627434.707568,86
1606627434.812858,96
1606627434.918260,97
1606627435.023599,99
1606627435.127633,90
1606627435.234993,87
1606627435.340601,89
1606627435.447617,86
1606627435.557380,81
1606627435.661765,81
1606627435.765779,77
1606627435.869809,77
1606627435.974113,78
1606627436.080292,77
1606627436.188537,79
1606627436.293272,79
1606627436.397861,80
1606627436.505626,79
1606627436.610420,79
1606627436.714686,80
1606627436.820601,79
1606627436.929597,80
1606627437.034543,78
1606627437.139425,80
1606627437.244002,80
1606627437.349016,79
1606627437.458375,79
1606627437.566315,80
1606627437.675605,80
1606627437.788637,79
1606627437.892685,79
1606627437.998280,81
1606627438.103916,81
1606627438.208350,79
1606627438.313476,80
1606627438.417781,81
1606627438.522955,81
1606627438.631014,81
1606627438.736203,81
1606627438.841154,88
1606627438.947276,89
1606627439.052713,89
1606627439.157584,92
1606627439.263013,92
1606627439.368527,100
1606627439.480256,99
1606627439.606439,100
1606627439.711120,94
1606627439.830260,95
1606627439.935207,83
1606627440.039853,41
1606627440.145223,26
1606627440.249168,19
1606627440.354217,21
1606627440.458499,20
1606627440.566930,28
1606627440.674538,23
1606627440.781400,23
1606627440.886097,22
1606627440.990951,23
1606627441.095217,24
1606627441.200027,23
1606627441.304476,25
1606627441.411883,25
1606627441.529245,26
1606627441.640249,26
1606627441.744812,26
1606627441.849217,27
1606627441.953299,26
1606627442.057339,28
1606627442.162102,26
1606627442.268707,27
1606627442.377612,28
1606627442.485159,28
1606627442.590044,28
1606627442.693866,29
1606627442.798759,36
1606627442.903653,39
1606627443.008220,49
1606627443.112337,57
1606627443.218960,35
1606627443.323944,29
1606627443.435824,31
1606627443.553819,31
1606627443.665371,32
1606627443.769817,32
1606627443.874993,32
1606627443.978899,33
1606627444.085682,33
1606627444.190703,33
1606627444.300429,33
1606627444.405879,33
1606627444.518388,33
1606627444.632781,34
1606627444.737361,34
1606627444.846186,33
1606627444.951366,33
1606627445.056925,34
1606627445.161846,35
1606627445.270475,36
1606627445.379353,42
1606627445.492728,47
1606627445.610192,57
1606627445.714451,71
1606627445.822166,65
1606627445.931540,45
1606627446.035755,38
1606627446.139843,38
1606627446.244433,38
1606627446.348681,37
1606627446.454524,38
1606627446.558990,39
1606627446.664165,39
1606627446.770592,39
1606627446.875439,39
1606627446.984329,40
1606627447.089394,39
1606627447.200669,39
1606627447.318275,40
1606627447.423846,40
1606627447.528325,41
1606627447.636769,40
1606627447.748854,41
1606627447.854142,42
1606627447.958329,42
1606627448.063450,43
1606627448.170778,49
1606627448.275155,52
1606627448.379921,63
1606627448.486314,72
1606627448.602706,67
1606627448.708762,53
1606627448.817446,45
1606627448.922295,43
1606627449.031834,44
1606627449.136718,44
1606627449.241077,44
1606627449.352843,43
1606627449.457991,45
1606627449.563182,46
1606627449.668437,46
1606627449.773379,45
1606627449.877824,45
1606627449.982753,46
1606627450.088367,46
1606627450.193395,46
1606627450.298653,46
1606627450.403866,46
1606627450.507855,47
1606627450.612471,48
1606627450.719306,46
1606627450.829723,48
1606627450.944677,53
1606627451.049338,57
1606627451.158186,66
1606627451.263197,67
1606627451.373606,74
1606627451.478203,62
1606627451.582865,49
1606627451.688310,49
1606627451.798868,49
1606627451.904869,50
1606627452.016770,49
1606627452.121877,49
1606627452.228036,49
1606627452.333006,50
1606627452.437753,50
1606627452.546612,51
1606627452.651859,50
1606627452.762075,50
1606627452.866671,50
1606627452.977796,51
1606627453.083765,51
1606627453.187554,51
1606627453.295832,50
1606627453.400292,51
1606627453.506170,51
1606627453.610772,52
1606627453.723045,59
1606627453.827983,58
1606627453.932566,61
1606627454.037918,72
1606627454.142808,73
1606627454.247540,81
1606627454.351500,73
1606627454.456297,53
1606627454.561219,53
1606627454.668716,54
1606627454.775892,54
1606627454.881945,54
1606627454.986041,55
1606627455.098509,55
1606627455.203983,53
1606627455.308448,54
1606627455.413195,54
1606627455.519419,55
1606627455.624450,55
1606627455.746734,56
1606627455.862628,54
1606627455.971788,56
1606627456.076310,55
1606627456.181788,55
1606627456.303097,55
1606627456.415941,56
1606627456.526244,56
1606627456.641902,64
1606627456.754403,67
1606627456.864349,69
1606627456.987268,77
1606627457.092624,90
1606627457.200228,85
1606627457.305722,79
1606627457.410069,59
1606627457.516250,59
1606627457.622524,59
1606627457.730692,58
1606627457.839564,58
1606627457.947103,57
1606627458.063528,57
1606627458.168212,59
1606627458.273523,59
1606627458.391430,59
1606627458.496533,60
1606627458.607671,60
1606627458.713579,59
1606627458.821650,59
1606627458.928419,60
1606627459.042489,59
1606627459.152168,60
1606627459.271145,61
1606627459.382266,60
1606627459.489897,62
1606627459.600732,68
1606627459.708038,69
1606627459.813250,72
1606627459.921056,71
1606627460.027529,81
1606627460.136343,83
1606627460.279716,90
1606627460.388545,92
1606627460.511945,63
1606627460.621007,64
1606627460.731984,62
1606627460.837377,62
1606627460.945021,62
1606627461.051555,62
1606627461.158100,64
1606627461.262441,64
1606627461.368587,64
1606627461.473448,64
1606627461.588242,63
1606627461.695038,64
1606627461.802071,63
1606627461.910657,64
1606627462.016526,64
1606627462.124053,63
1606627462.232095,64
1606627462.340243,64
1606627462.445348,65
1606627462.557474,66
1606627462.668499,65
1606627462.773934,77
1606627462.880387,75
1606627462.991052,76
1606627463.106610,86
1606627463.211112,92
1606627463.317924,94
1606627463.423353,94
1606627463.528245,67
1606627463.633006,67
1606627463.739609,65
1606627463.844695,66
1606627463.950185,65
1606627464.057265,66
1606627464.162288,67
1606627464.266517,67
1606627464.390066,68
1606627464.495141,68
1606627464.600673,67
1606627464.706089,69
1606627464.810787,69
1606627464.917609,68
1606627465.022309,69
1606627465.134061,68
1606627465.240076,69
1606627465.350072,67
1606627465.461969,70
1606627465.572689,69
1606627465.694962,76
1606627465.809371,76
1606627465.918328,79
1606627466.022760,80
1606627466.127807,90
1606627466.233696,91
1606627466.339019,95
1606627466.447128,93
1606627466.552050,94
1606627466.662389,80
1606627466.771066,79
1606627466.877084,70
1606627466.981212,70
1606627467.096715,71
1606627467.205609,71
1606627467.316335,70
1606627467.422250,72
1606627467.529829,72
1606627467.634140,73
1606627467.738840,72
1606627467.843520,72
1606627467.949301,72
1606627468.053453,72
1606627468.158926,73
1606627468.263997,73
1606627468.368990,73
1606627468.484080,72
1606627468.602469,73
1606627468.716435,73
1606627468.822363,74
1606627468.928789,73
1606627469.036065,73
1606627469.140537,74
1606627469.244678,74
1606627469.354546,74
1606627469.465373,73
1606627469.570620,75
1606627469.677745,75
1606627469.785478,76
1606627469.897168,83
1606627470.011750,82
1606627470.116680,86
1606627470.223783,84
1606627470.333558,95
1606627470.438436,95
1606627470.542288,96
1606627470.646624,93
1606627470.753684,86
1606627470.858285,93
1606627470.963043,90
1606627471.073484,75
1606627471.178932,76
1606627471.286431,75
1606627471.406749,75
1606627471.516626,75
1606627471.629168,77
1606627471.739806,79
1606627471.846471,78
1606627471.951068,78
1606627472.056654,76
1606627472.161391,76
1606627472.267542,77
1606627472.372677,78
1606627472.477769,79
1606627472.584254,78
1606627472.688578,78
1606627472.794501,78
1606627472.904925,77
1606627473.010990,77
1606627473.122597,78
1606627473.233485,79
1606627473.347534,78
1606627473.461932,79
1606627473.567647,78
1606627473.674201,78
1606627473.780257,77
1606627473.895987,81
1606627474.001071,80
1606627474.106369,87
1606627474.214599,85
1606627474.319855,90
1606627474.424658,90
1606627474.531677,99
1606627474.640490,100
1606627474.748390,96
1606627474.852332,98
1606627474.962773,100
1606627475.076901,80
1606627475.182629,39
1606627475.288250,40
1606627475.392630,41
1606627475.499042,40
1606627475.627521,41
1606627475.733254,45
1606627475.847014,43
1606627475.957333,41
1606627476.067428,42
1606627476.173615,43
1606627476.278244,42
1606627476.387573,42
1606627476.491437,44
1606627476.597621,16
1606627476.710486,0
1606627476.817858,0
1606627476.923434,0
1606627477.028521,0
1606627477.138800,0
1606627477.248442,0
1606627477.370578,0
1606627477.479042,1
1606627477.583324,0
1606627477.690490,0
1606627477.795222,0
